Polygon
0 0
0 40549815.9851 3373061.4868 0.0 nan
1 40549864.0681 3373052.87159 0.0 nan
2 40549862.902 3373039.60851 0.0 nan
3 40549838.2533 3373044.0253 0.0 nan
4 40549823.209 3373045.968 0.0 nan
5 40549813.0182 3373048.13624 0.0 nan
6 40549815.9851 3373061.4868 0.0 nan
1 0
0 40546599.4715 3372756.34002 0.0 nan
1 40546617.4427 3372755.2507 0.0 nan
2 40546615.4459 3372740.9653 0.0 nan
3 40546600.6347 3372740.39573 0.0 nan
4 40546600.6025 3372746.62903 0.0 nan
5 40546599.4928 3372752.00783 0.0 nan
6 40546599.4715 3372756.34002 0.0 nan
2 0
0 40551630.7914 3373030.43282 0.0 nan
1 40551636.3404 3373032.53876 0.0 nan
2 40551638.5729 3373016.4396 0.0 nan
3 40551646.0375 3373017.18151 0.0 nan
4 40551650.1563 3372981.45453 0.0 nan
5 40551670.643 3372981.43298 0.0 nan
6 40551670.794 3372963.12605 0.0 nan
7 40551640.5164 3372949.10755 0.0 nan
8 40551630.7914 3373030.43282 0.0 nan
3 0
0 40549918.9493 3373169.76766 0.0 nan
1 40549937.3815 3373168.98516 0.0 nan
2 40549937.2333 3373166.0052 0.0 nan
3 40549935.9587 3373147.1247 0.0 nan
4 40549933.1531 3373147.64535 0.0 nan
5 40549933.4422 3373149.88663 0.0 nan
6 40549918.2501 3373153.32772 0.0 nan
7 40549919.2807 3373162.322 0.0 nan
8 40549918.9493 3373169.76766 0.0 nan
4 0
0 40548068.3394 3374071.92955 0.0 nan
1 40548090.5828 3374070.0639 0.0 nan
2 40548091.7753 3374037.86645 0.0 nan
3 40548070.0721 3374034.86205 0.0 nan
4 40548068.3394 3374071.92955 0.0 nan
5 0
0 40548323.8514 3374183.67422 0.0 nan
1 40548338.4105 3374183.96765 0.0 nan
2 40548338.313 3374176.701 0.0 nan
3 40548337.383 3374170.618 0.0 nan
4 40548336.953 3374167.558 0.0 nan
5 40548336.72 3374162.203 0.0 nan
6 40548337.055 3374159.139 0.0 nan
7 40548325.7303 3374160.15235 0.0 nan
8 40548324.3096 3374167.76004 0.0 nan
9 40548323.8514 3374183.67422 0.0 nan
6 0
0 40547669.0463 3366788.087 0.0 nan
1 40547698.7049 3366787.3931 0.0 nan
2 40547735.9248 3366779.3697 0.0 nan
3 40547735.5392 3366766.96872 0.0 nan
4 40547727.6467 3366766.36668 0.0 nan
5 40547705.1684 3366776.2496 0.0 nan
6 40547668.1335 3366777.07252 0.0 nan
7 40547669.0463 3366788.087 0.0 nan
7 0
0 40563811.7108 3365554.5765 0.0 nan
1 40563811.5289 3365557.53057 0.0 nan
2 40563809.5525 3365557.11354 0.0 nan
3 40563808.4106 3365557.09158 0.0 nan
4 40563807.0614 3365559.3659 0.0 nan
5 40563807.3885 3365574.5793 0.0 nan
6 40563807.3881 3365582.16441 0.0 nan
7 40563822.335 3365582.641 0.0 nan
8 40563822.79 3365575.752 0.0 nan
9 40563822.2152 3365556.42482 0.0 nan
10 40563827.4293 3365556.08949 0.0 nan
11 40563826.9703 3365545.68967 0.0 nan
12 40563812.137 3365545.27058 0.0 nan
13 40563811.7108 3365554.5765 0.0 nan
8 0
0 40568780.571 3363565.2126 0.0 nan
1 40568778.4478 3363545.60235 0.0 nan
2 40568772.0052 3363547.1975 0.0 nan
3 40568772.1416 3363555.65352 0.0 nan
4 40568766.4322 3363556.09434 0.0 nan
5 40568766.503 3363559.033 0.0 nan
6 40568751.8493 3363561.69909 0.0 nan
7 40568751.7956 3363565.37075 0.0 nan
8 40568760.3327 3363565.32383 0.0 nan
9 40568760.242 3363564.389 0.0 nan
10 40568765.534 3363563.757 0.0 nan
11 40568765.7159 3363565.29424 0.0 nan
12 40568780.571 3363565.2126 0.0 nan
9 0
0 40563888.0004 3369399.5892 0.0 nan
1 40563886.0025 3369361.3692 0.0 nan
2 40563872.6899 3369362.6194 0.0 nan
3 40563872.3774 3369355.1193 0.0 nan
4 40563856.2097 3369357.1175 0.0 nan
5 40563856.1899 3369357.1199 0.0 nan
6 40563857.1261 3369388.0877 0.0 nan
7 40563857.1271 3369388.12 0.0 nan
8 40563826.2091 3369387.8704 0.0 nan
9 40563826.1895 3369387.8702 0.0 nan
10 40563826.6892 3369420.8702 0.0 nan
11 40563858.0017 3369421.3704 0.0 nan
12 40563857.999 3369421.3376 0.0 nan
13 40563856.3769 3369401.3701 0.0 nan
14 40563856.3988 3369401.3689 0.0 nan
15 40563871.761 3369400.5187 0.0 nan
16 40563875.568 3369400.3081 0.0 nan
17 40563888.002 3369399.6199 0.0 nan
18 40563888.0004 3369399.5892 0.0 nan
10 0
0 40563896.311 3369324.8497 0.0 nan
1 40563896.3216 3369315.879 0.0 nan
2 40563892.8766 3369315.9167 0.0 nan
3 40563791.2432 3369317.0309 0.0 nan
4 40563790.5322 3369317.0716 0.0 nan
5 40563789.8275 3369317.1752 0.0 nan
6 40563789.1347 3369317.341 0.0 nan
7 40563788.4593 3369317.5678 0.0 nan
8 40563787.8067 3369317.8537 0.0 nan
9 40563787.182 3369318.1965 0.0 nan
10 40563786.5902 3369318.5934 0.0 nan
11 40563786.0359 3369319.0413 0.0 nan
12 40563785.5236 3369319.5367 0.0 nan
13 40563785.0573 3369320.0756 0.0 nan
14 40563784.6362 3369320.6508 0.0 nan
15 40563784.999 3369326.294 0.0 nan
16 40563787.0653 3369358.4305 0.0 nan
17 40563787.0673 3369358.462 0.0 nan
18 40563822.617 3369357.2484 0.0 nan
19 40563834.7069 3369356.4305 0.0 nan
20 40563834.7086 3369356.399 0.0 nan
21 40563835.6157 3369339.8865 0.0 nan
22 40563835.6328 3369339.8853 0.0 nan
23 40563896.2982 3369335.646 0.0 nan
24 40563896.2982 3369335.6164 0.0 nan
25 40563896.3088 3369326.6817 0.0 nan
26 40563896.3089 3369326.6072 0.0 nan
27 40563896.311 3369324.8497 0.0 nan
11 0
0 40563876.5174 3369468.3922 0.0 nan
1 40563875.5949 3369405.7489 0.0 nan
2 40563889.8798 3369406.2891 0.0 nan
3 40563896.2144 3369406.3697 0.0 nan
4 40563896.2206 3369401.2045 0.0 nan
5 40563896.2206 3369401.1718 0.0 nan
6 40563896.2982 3369335.646 0.0 nan
7 40563835.6328 3369339.8853 0.0 nan
8 40563835.6157 3369339.8865 0.0 nan
9 40563834.7086 3369356.399 0.0 nan
10 40563834.7069 3369356.4305 0.0 nan
11 40563822.617 3369357.2484 0.0 nan
12 40563787.0673 3369358.462 0.0 nan
13 40563791.7724 3369431.6418 0.0 nan
14 40563791.7744 3369431.6734 0.0 nan
15 40563793.2659 3369454.8719 0.0 nan
16 40563808.9598 3369469.3758 0.0 nan
17 40563876.5174 3369468.3922 0.0 nan
InteriorRing
18 40563826.6892 3369420.8702 0.0 nan
19 40563826.1895 3369387.8702 0.0 nan
20 40563826.2091 3369387.8704 0.0 nan
21 40563857.1271 3369388.12 0.0 nan
22 40563857.1261 3369388.0877 0.0 nan
23 40563856.1899 3369357.1199 0.0 nan
24 40563856.2097 3369357.1175 0.0 nan
25 40563872.3774 3369355.1193 0.0 nan
26 40563872.6899 3369362.6194 0.0 nan
27 40563886.0025 3369361.3692 0.0 nan
28 40563888.0004 3369399.5892 0.0 nan
29 40563888.002 3369399.6199 0.0 nan
30 40563875.568 3369400.3081 0.0 nan
31 40563871.761 3369400.5187 0.0 nan
32 40563856.3988 3369401.3689 0.0 nan
33 40563856.3769 3369401.3701 0.0 nan
34 40563857.999 3369421.3376 0.0 nan
35 40563858.0017 3369421.3704 0.0 nan
36 40563826.6892 3369420.8702 0.0 nan
12 0
0 40545879.0011 3368650.63562 0.0 nan
1 40545867.8312 3368651.72248 0.0 nan
2 40545870.3402 3368681.02856 0.0 nan
3 40545880.5539 3368680.38046 0.0 nan
4 40545879.0149 3368653.53219 0.0 nan
5 40545879.0011 3368650.63562 0.0 nan
END