[属性描述]
格式版本号=
数据产生单位=国土资源部
数据产生日期=2020-06-04
坐标系=2000国家大地坐标系
几度分带=3
投影类型=高斯克吕格
计量单位=米
带号=40
精度=3
转换参数=0,0,0,0,0,0,0
[地块坐标]
33,13778.7873,1,地块1,面,,土地开垦,,提质改造,水田,7,6,@
J1,1,3365603.775,40586306.749
J2,1,3365617.252,40586270.428
J3,1,3365633.510,40586226.221
J4,1,3365651.437,40586178.436
J5,1,3365651.665,40586177.829
J6,1,3365658.733,40586159.822
J7,1,3365660.261,40586160.197
J8,1,3365666.573,40586162.470
J9,1,3365669.784,40586162.924
J10,1,3365670.875,40586160.839
J11,1,3365672.429,40586157.349
J12,1,3365673.476,40586153.449
J13,1,3365628.908,40586138.802
J14,1,3365624.039,40586151.502
J15,1,3365623.590,40586153.811
J16,1,3365576.053,40586137.159
J17,1,3365575.703,40586135.736
J18,1,3365575.340,40586135.492
J19,1,3365574.452,40586138.250
J20,1,3365565.908,40586160.742
J21,1,3365558.284,40586180.875
J22,1,3365550.097,40586202.802
J23,1,3365542.592,40586223.105
J24,1,3365535.880,40586240.846
J25,1,3365528.888,40586259.928
J26,1,3365524.858,40586270.967
J27,1,3365523.355,40586275.736
J28,1,3365524.349,40586278.292
J29,1,3365526.756,40586280.314
J30,1,3365531.498,40586282.258
J31,1,3365543.510,40586286.814
J32,1,3365567.937,40586294.658
J33,1,3365588.585,40586301.651
J1,1,3365603.775,40586306.749
22,3203.6360,2,地块2,面,,土地开垦,,提质改造,水田,7,6,@
J1,1,3365622.933,40586312.290
J2,1,3365629.097,40586314.177
J3,1,3365629.939,40586312.096
J4,1,3365631.371,40586307.930
J5,1,3365635.247,40586298.145
J6,1,3365669.920,40586206.114
J7,1,3365673.041,40586197.891
J8,1,3365673.482,40586195.537
J9,1,3365673.894,40586192.150
J10,1,3365674.167,40586187.248
J11,1,3365674.344,40586186.467
J12,1,3365673.533,40586185.981
J13,1,3365654.146,40586179.360
J14,1,3365645.359,40586203.206
J15,1,3365630.640,40586243.629
J16,1,3365617.673,40586278.126
J17,1,3365607.810,40586304.479
J18,1,3365607.714,40586306.441
J19,1,3365608.585,40586307.359
J20,1,3365609.835,40586307.926
J21,1,3365610.655,40586308.164
J22,1,3365613.283,40586309.076
J1,1,3365622.933,40586312.290
43,17452.1643,3,地块3,面,,土地开垦,,提质改造,水田,7,6,@
J1,1,3365487.934,40586360.382
J2,1,3365504.030,40586317.742
J3,1,3365516.902,40586282.790
J4,1,3365518.762,40586278.037
J5,1,3365539.396,40586222.635
J6,1,3365554.636,40586181.916
J7,1,3365571.297,40586137.711
J8,1,3365572.373,40586138.120
J9,1,3365573.773,40586134.438
J10,1,3365572.461,40586133.556
J11,1,3365576.553,40586121.597
J12,1,3365538.249,40586109.009
J13,1,3365534.080,40586120.230
J14,1,3365534.047,40586120.319
J15,1,3365492.329,40586232.600
J16,1,3365487.188,40586246.435
J17,1,3365479.054,40586268.329
J18,1,3365479.028,40586268.398
J19,1,3365475.747,40586276.961
J20,1,3365458.599,40586322.264
J21,1,3365455.699,40586329.923
J22,1,3365455.109,40586331.482
J23,1,3365454.858,40586332.146
J24,1,3365451.541,40586340.909
J25,1,3365444.205,40586360.288
J26,1,3365431.898,40586392.800
J27,1,3365424.750,40586411.682
J28,1,3365424.621,40586412.024
J29,1,3365424.444,40586412.506
J30,1,3365424.225,40586413.104
J31,1,3365423.437,40586415.262
J32,1,3365410.529,40586450.516
J33,1,3365389.494,40586507.973
J34,1,3365389.237,40586508.677
J35,1,3365404.563,40586513.546
J36,1,3365411.907,40586515.884
J37,1,3365412.424,40586516.047
J38,1,3365413.814,40586516.486
J39,1,3365427.403,40586520.802
J40,1,3365428.338,40586521.099
J41,1,3365441.257,40586486.434
J42,1,3365455.869,40586447.111
J43,1,3365472.467,40586401.741
J1,1,3365487.934,40586360.382
30,22242.6887,4,地块4,面,,土地开垦,,提质改造,水田,7,6,@
J1,1,3365601.987,40586312.408
J2,1,3365602.897,40586309.546
J3,1,3365571.413,40586299.544
J4,1,3365566.093,40586297.621
J5,1,3365537.976,40586288.426
J6,1,3365523.206,40586283.664
J7,1,3365522.507,40586283.263
J8,1,3365520.917,40586282.257
J9,1,3365520.703,40586282.433
J10,1,3365514.327,40586298.202
J11,1,3365506.197,40586320.306
J12,1,3365496.301,40586346.601
J13,1,3365486.180,40586373.825
J14,1,3365474.292,40586405.181
J15,1,3365463.090,40586435.136
J16,1,3365452.458,40586463.872
J17,1,3365438.864,40586499.825
J18,1,3365431.034,40586521.955
J19,1,3365445.578,40586526.575
J20,1,3365478.419,40586537.009
J21,1,3365479.390,40586537.317
J22,1,3365484.072,40586538.804
J23,1,3365488.809,40586540.308
J24,1,3365489.768,40586540.613
J25,1,3365490.725,40586540.918
J26,1,3365513.193,40586548.056
J27,1,3365514.563,40586548.489
J28,1,3365515.912,40586546.134
J29,1,3365517.927,40586540.251
J30,1,3365517.228,40586539.986
J1,1,3365601.987,40586312.408
27,10266.7865,5,地块5,面,,土地开垦,,提质改造,水田,7,6,@
J1,1,3365590.352,40586488.925
J2,1,3365603.911,40586419.953
J3,1,3365618.569,40586367.769
J4,1,3365616.407,40586364.057
J5,1,3365616.175,40586362.263
J6,1,3365617.844,40586350.199
J7,1,3365617.971,40586348.170
J8,1,3365619.787,40586343.176
J9,1,3365626.664,40586318.320
J10,1,3365606.079,40586312.058
J11,1,3365605.048,40586313.311
J12,1,3365568.963,40586410.182
J13,1,3365534.631,40586503.347
J14,1,3365525.416,40586527.934
J15,1,3365519.937,40586540.183
J16,1,3365517.996,40586546.396
J17,1,3365518.210,40586548.293
J18,1,3365519.769,40586550.140
J19,1,3365529.268,40586553.162
J20,1,3365536.657,40586555.512
J21,1,3365537.220,40586555.690
J22,1,3365538.179,40586555.992
J23,1,3365538.560,40586556.113
J24,1,3365573.346,40586567.151
J25,1,3365573.467,40586566.770
J26,1,3365575.019,40586566.303
J27,1,3365576.155,40586560.856
J1,1,3365590.352,40586488.925
